[1,["9bIKUUbMNJ3rIWtrhjBGJJ","6ek2v3mVJCsrNvs4GDCjrE","b5T/EXnBJEcrTXgmRZyXuj@18d6f","b5T/EXnBJEcrTXgmRZyXuj@a62fe","b5T/EXnBJEcrTXgmRZyXuj@438fe","df5phJCC9Kb5l7t+PEFf5i@18d6f","552wgt3klHH74H501KFj+0@18d6f","3aJIo8ujxCy6Iagv/qtLYC@18d6f","2dJ0mRAopEVakAdOTs0+DU@18d6f","62K9TV+N5FoLasKP0ouXUL@18d6f","c0kZpYhNZARoJ1+8KE6jYH@18d6f","25z1eKvEVKM4jEKOR3oW6y","8eefB+vodMMorsItFkil3x","fasRnr7EZMVJBA85dXYvxR","d1/fTDDSRL/bc+YmczSJxT","3cjYK6yt9F4aGLlBIVmj+o","361g9fyPtKkJoNxZTTrsAd","e5MT6X8e1AXZHISq+PLvew"],["_effectAsset","_parent","node","root","animation","data","_mesh","_skeleton","_defaultClip"],[["cc.Node",["_name","_prefab","_children","_lpos","_parent","_lrot","_components","_euler"],2,4,2,5,1,5,12,5],["cc.Node",["_name","_parent","_prefab","_children","_lpos","_lrot","_components","_euler"],2,1,4,9,5,5,9,5],["cc.Material",["_name","_states","_defines","_props"],0,12],["cc.Skeleton",["_name","_hash","_joints","_bindposes"],0,12],["cc.Mesh",["_native","_hash","_struct"],1,11],["cc.Prefab",["_name"],2],["974ddQjiydEir6qyUULExPU",["_color","node","__prefab","animation","colorMaterials"],2,1,4,1,3],["cc.CompPrefabInfo",["fileId"],2],["cc.RigidBody",["_group","_type","node","__prefab"],1,1,4],["cc.CapsuleCollider",["_isTrigger","node","__prefab"],2,1,4],["cc.PrefabInfo",["fileId","instance","targetOverrides","nestedPrefabInstanceRoots","root","asset"],-1,1,1],["cc.SkinnedMeshRenderer",["node","__prefab","_materials","bakeSettings","_skinningRoot","_mesh","_skeleton"],3,1,4,3,4,1,6,6],["cc.ModelBakeSettings",[],3],["cc.SkeletalAnimation",["playOnLoad","node","__prefab","_clips"],2,1,4,3]],[[10,0,1,2,3,4,5,5],[0,0,4,2,1,3,5,7,2],[2,0,1,2,3,4],[0,0,4,1,3,2],[7,0,2],[1,0,1,3,2,4,5,7,2],[0,0,4,2,1,3,5,2],[3,0,1,2,3,4],[4,0,1,2,3],[5,0,2],[0,0,2,6,1,2],[0,0,2,1,3,5,2],[1,0,1,6,2,2],[1,0,1,3,2,4,5,2],[6,0,1,2,3,4,2],[8,0,1,2,3,3],[9,0,1,2,2],[11,0,1,2,3,4,5,6,1],[12,1],[13,0,1,2,3,2]],[[[[2,"blue",[{"rasterizerState":{},"depthStencilState":{},"blendState":{"targets":[{}]}},{"rasterizerState":{},"depthStencilState":{},"blendState":{"targets":[{}]}},{"rasterizerState":{},"depthStencilState":{},"blendState":{"targets":[{}]}},{"rasterizerState":{},"depthStencilState":{},"blendState":{"targets":[{}]}},{"rasterizerState":{},"depthStencilState":{},"blendState":{"targets":[{}]}},{"rasterizerState":{},"depthStencilState":{},"blendState":{"targets":[{}]}},{"rasterizerState":{},"depthStencilState":{},"blendState":{"targets":[{}]}}],[{"USE_OUTLINE_PASS":true,"USE_INSTANCING":true},{"USE_INSTANCING":true},{},{},{},{},{}],[[{},[{},"mainColor",8,[4,4288502323],"shadeColor1",8,[4,4286925867],"shadeColor2",8,[4,4285087011],"specular",8,[4,16777215]],{},{},{},{},{}],0,11,0,0,0,0,0]]],0,0,[0],[0],[0]],[[[2,"purple",[{"rasterizerState":{},"depthStencilState":{},"blendState":{"targets":[{}]}},{"rasterizerState":{},"depthStencilState":{},"blendState":{"targets":[{}]}},{"rasterizerState":{},"depthStencilState":{},"blendState":{"targets":[{}]}},{"rasterizerState":{},"depthStencilState":{},"blendState":{"targets":[{}]}},{"rasterizerState":{},"depthStencilState":{},"blendState":{"targets":[{}]}},{"rasterizerState":{},"depthStencilState":{},"blendState":{"targets":[{}]}},{"rasterizerState":{},"depthStencilState":{},"blendState":{"targets":[{}]}}],[{"USE_OUTLINE_PASS":true,"USE_INSTANCING":true},{"USE_INSTANCING":true},{},{},{},{},{}],[[{},[{},"mainColor",8,[4,4284284981],"shadeColor1",8,[4,4283105323],"shadeColor2",8,[4,4282646567],"specular",8,[4,16777215]],{},{},{},{},{}],0,11,0,0,0,0,0]]],0,0,[0],[0],[0]],[[[2,"pink",[{"rasterizerState":{},"depthStencilState":{},"blendState":{"targets":[{}]}},{"rasterizerState":{},"depthStencilState":{},"blendState":{"targets":[{}]}},{"rasterizerState":{},"depthStencilState":{},"blendState":{"targets":[{}]}},{"rasterizerState":{},"depthStencilState":{},"blendState":{"targets":[{}]}},{"rasterizerState":{},"depthStencilState":{},"blendState":{"targets":[{}]}},{"rasterizerState":{},"depthStencilState":{},"blendState":{"targets":[{}]}},{"rasterizerState":{},"depthStencilState":{},"blendState":{"targets":[{}]}}],[{"USE_OUTLINE_PASS":true,"USE_INSTANCING":true},{"USE_INSTANCING":true},{},{},{},{},{}],[[{},[{},"mainColor",8,[4,4287255701],"shadeColor1",8,[4,4285679226],"shadeColor2",8,[4,4284365158],"specular",8,[4,16777215]],{},{},{},{},{}],0,11,0,0,0,0,0]]],0,0,[0],[0],[0]],[[[2,"white",[{"rasterizerState":{},"depthStencilState":{},"blendState":{"targets":[{}]}},{"rasterizerState":{},"depthStencilState":{},"blendState":{"targets":[{}]}},{"rasterizerState":{},"depthStencilState":{},"blendState":{"targets":[{}]}},{"rasterizerState":{},"depthStencilState":{},"blendState":{"targets":[{}]}},{"rasterizerState":{},"depthStencilState":{},"blendState":{"targets":[{}]}},{"rasterizerState":{},"depthStencilState":{},"blendState":{"targets":[{}]}},{"rasterizerState":{},"depthStencilState":{},"blendState":{"targets":[{}]}}],[{"USE_OUTLINE_PASS":true,"USE_INSTANCING":true},{"USE_INSTANCING":true},{},{},{},{},{}],[[{},[{},"mainColor",8,[4,4289508268],"shadeColor1",8,[4,4286810243],"shadeColor2",8,[4,4284968295],"specular",8,[4,16777215]],{},{},{},{},{}],0,11,0,0,0,0,0]]],0,0,[0],[0],[0]],[[[2,"green",[{"rasterizerState":{},"depthStencilState":{},"blendState":{"targets":[{}]}},{"rasterizerState":{},"depthStencilState":{},"blendState":{"targets":[{}]}},{"rasterizerState":{},"depthStencilState":{},"blendState":{"targets":[{}]}},{"rasterizerState":{},"depthStencilState":{},"blendState":{"targets":[{}]}},{"rasterizerState":{},"depthStencilState":{},"blendState":{"targets":[{}]}},{"rasterizerState":{},"depthStencilState":{},"blendState":{"targets":[{}]}},{"rasterizerState":{},"depthStencilState":{},"blendState":{"targets":[{}]}}],[{"USE_OUTLINE_PASS":true,"USE_INSTANCING":true},{"USE_INSTANCING":true},{},{},{},{},{}],[[{},[{},"mainColor",8,[4,4281357621],"shadeColor1",8,[4,4280829740],"shadeColor2",8,[4,4280367652],"specular",8,[4,16777215]],{},{},{},{},{}],0,11,0,0,0,0,0]]],0,0,[0],[0],[0]],[[[7,"Skin-0",2150169382,["mixamorig:Hips/mixamorig:Spine/mixamorig:Spine1/mixamorig:Spine2/mixamorig:Neck/mixamorig:Head","mixamorig:Hips/mixamorig:Spine/mixamorig:Spine1/mixamorig:Spine2/mixamorig:Neck","mixamorig:Hips/mixamorig:Spine/mixamorig:Spine1/mixamorig:Spine2","mixamorig:Hips/mixamorig:RightUpLeg/mixamorig:RightLeg","mixamorig:Hips/mixamorig:RightUpLeg/mixamorig:RightLeg/mixamorig:RightFoot","mixamorig:Hips/mixamorig:RightUpLeg/mixamorig:RightLeg/mixamorig:RightFoot/mixamorig:RightToeBase","mixamorig:Hips/mixamorig:RightUpLeg","mixamorig:Hips","mixamorig:Hips/mixamorig:LeftUpLeg","mixamorig:Hips/mixamorig:Spine/mixamorig:Spine1/mixamorig:Spine2/mixamorig:RightShoulder/mixamorig:RightArm","mixamorig:Hips/mixamorig:Spine/mixamorig:Spine1/mixamorig:Spine2/mixamorig:RightShoulder","mixamorig:Hips/mixamorig:Spine","mixamorig:Hips/mixamorig:Spine/mixamorig:Spine1/mixamorig:Spine2/mixamorig:RightShoulder/mixamorig:RightArm/mixamorig:RightForeArm","mixamorig:Hips/mixamorig:Spine/mixamorig:Spine1","mixamorig:Hips/mixamorig:Spine/mixamorig:Spine1/mixamorig:Spine2/mixamorig:RightShoulder/mixamorig:RightArm/mixamorig:RightForeArm/mixamorig:RightHand","mixamorig:Hips/mixamorig:LeftUpLeg/mixamorig:LeftLeg","mixamorig:Hips/mixamorig:Spine/mixamorig:Spine1/mixamorig:Spine2/mixamorig:LeftShoulder","mixamorig:Hips/mixamorig:Spine/mixamorig:Spine1/mixamorig:Spine2/mixamorig:LeftShoulder/mixamorig:LeftArm","mixamorig:Hips/mixamorig:Spine/mixamorig:Spine1/mixamorig:Spine2/mixamorig:LeftShoulder/mixamorig:LeftArm/mixamorig:LeftForeArm","mixamorig:Hips/mixamorig:Spine/mixamorig:Spine1/mixamorig:Spine2/mixamorig:LeftShoulder/mixamorig:LeftArm/mixamorig:LeftForeArm/mixamorig:LeftHand","mixamorig:Hips/mixamorig:LeftUpLeg/mixamorig:LeftLeg/mixamorig:LeftFoot/mixamorig:LeftToeBase","mixamorig:Hips/mixamorig:LeftUpLeg/mixamorig:LeftLeg/mixamorig:LeftFoot"],[[[7,1,0,0,0,0,1,0,0,0,0,1,0,-0.0006127548404037952,-1.353755235671997,0.0003226216940674931,1],[7,1,0,0,0,0,1,0,0,0,0,1,0,-0.0006127548404037952,-1.2259521484375,0.000052682309615192935,1],[7,1,0,0,0,0,1,0.0002031091571552679,0,0,-0.0002031091571552679,1,0,-0.0006127548404037952,-1.1059232950210571,-0.0001963197864824906,1],[7,-0.9985533356666565,-0.05376842990517616,-0.0004079118079971522,0,0.05376946181058884,-0.9985482692718506,-0.0031938503962010145,0,-0.00023559131659567356,-0.003211163217201829,0.9999948143959045,0,-0.19506220519542694,0.3893916606903076,-0.0005515677039511502,1],[7,-0.9965380430221558,0.06378530710935593,0.0533229298889637,0,0.053455423563718796,0.00037119354237802327,0.9985701441764832,0,0.06367430835962296,0.997963547706604,-0.0037795789539813995,0,-0.19469869136810303,0.0118753956630826,-0.00582911865785718,1],[7,-0.994601845741272,-0.08869611471891403,0.053852975368499756,0,0.05277286097407341,0.01447970699518919,0.9985015392303467,0,-0.08934298157691956,0.9959535002708435,-0.009720795787870884,0,-0.18576180934906006,-0.0728597566485405,-0.005394592881202698,1],[7,-0.9983050227165222,-0.05819867178797722,-5.421166992768142e-19,0,0.05819811299443245,-0.9982954263687134,0.0043814657256007195,0,-0.00025499548064544797,0.004374039359390736,0.9999904036521912,0,-0.19678741693496704,0.7711997032165527,-0.0035055694170296192,1],[7,1,0,0,0,0,1,0,0,0,0,1,0,-0.0006127548404037952,-0.8258560299873352,-0.000028580836442415603,1],[7,-0.9983050227165222,0.058199092745780945,2.710532831571552e-19,0,-0.0581989511847496,-0.9983025789260864,-0.0021953743416815996,0,-0.00012776878429576755,-0.00219165300950408,0.999997615814209,0,0.19801154732704163,0.7711345553398132,0.0015679773641750216,1],[7,0.03223036602139473,-0.9982489347457886,-0.049600858241319656,0,0.018624061718583107,0.05021785572171211,-0.998564600944519,0,0.9993069171905518,0.03126033395528793,0.020209988579154015,0,-0.006725274492055178,-0.31323710083961487,1.1281447410583496,1],[7,-0.02430819720029831,-0.9504037499427795,0.3100675344467163,0,0.00018710503354668617,-0.3101634979248047,-0.9506832361221313,0,0.9997044801712036,-0.02305137924849987,0.0077173407189548016,0,-0.00016373385733459145,0.29069748520851135,1.1656277179718018,1],[7,1,0,0,0,0,1,0.00020310898253228515,0,0,-0.00020310898253228515,1,0,-0.0006127548404037952,-0.9058752059936523,-0.00019631959730759263,1],[7,-0.003908601589500904,-0.9999251365661621,-0.011594553478062153,0,0.020428810268640518,0.01151237916201353,-0.9997250437736511,0,0.9997836947441101,-0.004144389647990465,0.020382283255457878,0,-0.025651056319475174,-0.4793517291545868,1.147197961807251,1],[7,1,0,0,0,0,1,0.0002031091571552679,0,0,-0.0002031091571552679,1,0,-0.0006127548404037952,-0.9992310404777527,-0.0001963197864824906,1],[7,-0.003908601589500904,-0.9999251365661621,-0.011594553478062153,0,0.020428810268640518,0.01151237916201353,-0.9997250437736511,0,0.9997836947441101,-0.004144389647990465,0.020382283255457878,0,-0.025651056319475174,-0.7023673057556152,1.147197961807251,1],[7,-0.9985533952713013,0.05376865342259407,-0.00019619155500549823,0,-0.05376888066530228,-0.9985523819923401,0.001448138034902513,0,-0.00011804310634033754,0.0014565922319889069,0.999998927116394,0,0.19628605246543884,0.3893227279186249,0.00014742347411811352,1],[7,0.00019748169870581478,0.9506562948226929,-0.31024599075317383,0,-0.0002026988659054041,-0.31024596095085144,-0.9506562948226929,0,-0.9999999403953552,0.0002506237360648811,0.00013142905663698912,0,0.0001957450294867158,0.28965887427330017,1.165974497795105,1],[7,-0.0008880324312485754,0.9987366795539856,0.05024223029613495,0,0.0001515579060651362,0.050242383033037186,-0.9987370371818542,0,-0.9999995827674866,-0.0008792962762527168,-0.00019598330254666507,0,0.00007082974479999393,-0.31481075286865234,1.127988576889038,1],[7,-0.0007811717223376036,0.9999334216117859,0.011512333527207375,0,0.0001569336309330538,0.011512460187077522,-0.9999337196350098,0,-0.9999997019767761,-0.0007793132681399584,-0.0001659163972362876,0,0.000014691614524053875,-0.48058241605758667,1.1474683284759521,1],[7,-0.0007811717223376036,0.9999334216117859,0.011512333527207375,0,0.0001569336309330538,0.011512460187077522,-0.9999337196350098,0,-0.9999997019767761,-0.0007793132681399584,-0.0001659163972362876,0,0.000014691614524053875,-0.7035962343215942,1.1474683284759521,1],[7,-0.9942984580993652,0.09182965010404587,-0.05420232191681862,0,-0.05304389446973801,0.015010824427008629,0.9984793663024902,0,0.0925036296248436,0.9956615567207336,-0.010054237209260464,0,0.18675372004508972,-0.0735236406326294,-0.0052439020946621895,1],[7,-0.9965664744377136,-0.06308633089065552,-0.05362220108509064,0,-0.053753580898046494,0.0003859531716443598,0.9985541701316833,0,-0.06297442317008972,0.9980080127716064,-0.003775744466111064,0,0.19588863849639893,0.012471793219447136,-0.005707412026822567,1]],8,8,8,8,8,8,8,8,8,8,8,8,8,8,8,8,8,8,8,8,8,8]]],0,0,[],[],[]],[[[8,".bin",1073292216,[{"primitives":[{"primitiveMode":7,"jointMapIndex":0,"vertexBundelIndices":[0],"indexView":{"offset":78912,"length":13104,"count":6552,"stride":2}}],"vertexBundles":[{"view":{"offset":0,"length":78912,"count":1096,"stride":72},"attributes":[{"name":"a_position","format":32,"isNormalized":false},{"name":"a_normal","format":32,"isNormalized":false},{"name":"a_texCoord","format":21,"isNormalized":false},{"name":"a_tangent","format":44,"isNormalized":false},{"name":"a_joints","format":42,"isNormalized":false},{"name":"a_weights","format":44,"isNormalized":false}]}],"jointMaps":[[0,1,2,3,4,5,6,7,8,9,10,11,12,13,14,15,16,17,18,19,20,21]]},"minPosition",8,[1,-0.812272310256958,-0.013080335222184658,-0.23500294983386993],"maxPosition",8,[1,0.8134978413581848,1.737365484237671,0.23627091944217682]]],-1],0,0,[],[],[]],[[[2,"yellow",[{"rasterizerState":{},"depthStencilState":{},"blendState":{"targets":[{}]}},{"rasterizerState":{},"depthStencilState":{},"blendState":{"targets":[{}]}},{"rasterizerState":{},"depthStencilState":{},"blendState":{"targets":[{}]}},{"rasterizerState":{},"depthStencilState":{},"blendState":{"targets":[{}]}},{"rasterizerState":{},"depthStencilState":{},"blendState":{"targets":[{}]}},{"rasterizerState":{},"depthStencilState":{},"blendState":{"targets":[{}]}},{"rasterizerState":{},"depthStencilState":{},"blendState":{"targets":[{}]}}],[{"USE_OUTLINE_PASS":true,"USE_INSTANCING":true},{"USE_INSTANCING":true},{},{},{},{},{}],[[{},[{},"mainColor",8,[4,4281438158],"shadeColor1",8,[4,4280971680],"shadeColor2",8,[4,4279848304],"specular",8,[4,16777215]],{},{},{},{},{}],0,11,0,0,0,0,0]]],0,0,[0],[0],[0]],[[[2,"brown",[{"rasterizerState":{},"depthStencilState":{},"blendState":{"targets":[{}]}},{"rasterizerState":{},"depthStencilState":{},"blendState":{"targets":[{}]}},{"rasterizerState":{},"depthStencilState":{},"blendState":{"targets":[{}]}},{"rasterizerState":{},"depthStencilState":{},"blendState":{"targets":[{}]}},{"rasterizerState":{},"depthStencilState":{},"blendState":{"targets":[{}]}},{"rasterizerState":{},"depthStencilState":{},"blendState":{"targets":[{}]}},{"rasterizerState":{},"depthStencilState":{},"blendState":{"targets":[{}]}}],[{"USE_OUTLINE_PASS":true,"USE_INSTANCING":true},{"USE_INSTANCING":true},{},{},{},{},{}],[[{},[{},"mainColor",8,[4,4280492343],"shadeColor1",8,[4,4280097582],"shadeColor2",8,[4,4279834407],"specular",8,[4,16777215]],{},{},{},{},{}],0,11,0,0,0,0,0]]],0,0,[0],[0],[0]],[[[9,"character_man"],[10,"character_man",[-7,-8],[[-2,[14,3,-4,[4,"62NobdJrdHaY2MIPdKauMi"],-3,[10,11,12,13,14,15,16,17]],[15,64,4,-5,[4,"9eM76EO7FNTb5ekAnNIa2V"]],[16,true,-6,[4,"7dfyLgN+xCaLp77+F7gR1n"]]],1,4,4,4],[0,"8cKmiuu59DTrjKcMm2FeLp",null,null,null,-1,0]],[6,"mixamorig:Hips",1,[-9,-10,-11],[0,"d0jKixi+pL2pJVIZ7V7d6T",null,null,null,1,0],[1,0.005386007484048605,0.6909884810447693,-0.010026523843407631],[3,-0.03660013899207115,-0.3672128915786743,-0.012984627857804298,0.9293258190155029]],[11,"mixamorig:Spine2",[-12,-13,-14],[0,"3djMxKSo1EqpmpX+V4+RVw",null,null,null,1,0],[1,0,0.12773999571800232,-8.881783998477905e-18],[3,0.10063446313142776,0.07950547337532043,-0.024224966764450073,0.991445779800415]],[12,"Character_Man",1,[[17,-15,[4,"c9IoXskzNFvaIyyNPclrzZ"],[0],[18],1,1,2]],[0,"5aiScRTVZGv5A1p7Q8v6QF",null,null,null,1,0]],[1,"mixamorig:Spine",2,[-16],[0,"f6Th6iOwFAX5l+RDVkDVwE",null,null,null,1,0],[1,0,0.09556599706411362,0.006763000041246414],[3,0.08562388271093369,0.040036391466856,-0.01033723820000887,0.9954691529273987],[1,-0.011637287440289964,0,0]],[6,"mixamorig:Spine1",5,[3],[0,"986LyltBFAULcgcP8Qi23D",null,null,null,1,0],[1,0,0.11177200078964233,0],[3,0.10063446313142776,0.07950549572706223,-0.024224981665611267,0.991445779800415]],[1,"mixamorig:Neck",3,[-17],[0,"59sfOM9apAXLkx8ZDzEGAp",null,null,null,1,0],[1,0,0.1437070071697235,0],[3,-0.07282952964305878,-0.011015105992555618,0.002571066841483116,0.9972802400588989],[1,0.011637297445449776,0,0]],[13,"mixamorig:Head",7,[[3,"mixamorig:HeadTop_End",-18,[0,"efpY93fBFN67AwU5nPwy0u",null,null,null,1,0],[1,0,0.41462600231170654,-0.15633699297904968]]],[0,"c0OslBKzpLl465x9Tv2nFy",null,null,null,1,0],[1,0,0.09542900323867798,-0.035982001572847366],[3,-0.05446893349289894,0.1769232153892517,-0.012970542535185814,0.9826306700706482]],[1,"mixamorig:LeftShoulder",3,[-19],[0,"f2JQFhaWRP4ofaeW1lN4tU",null,null,null,1,0],[1,0.07971300184726715,0.11919999867677689,0.001838000025600195],[3,0.6141742467880249,0.376237154006958,-0.579627513885498,0.3811397850513458],[1,108.07405736300413,89.98868519597784,0.000022790320900831393]],[1,"mixamorig:LeftArm",9,[-20],[0,"bckhgfbaFCEq1TnU8hsPkP",null,null,null,1,0],[1,8.881783998477905e-18,0.16651900112628937,-1.4210854397564648e-16],[3,0.3824118971824646,-0.1029898151755333,0.09489854425191879,0.9133173227310181],[1,-20.95394412460325,-8.33378907674606e-11,-0.06542362535176756]],[5,"mixamorig:LeftForeArm",10,[[3,"mixamorig:LeftHand",-21,[0,"d6l4vWhgxDlZSvltakAnIA",null,null,null,1,0],[1,-8.881783998477905e-18,0.20087100565433502,0]]],[0,"64i+/E/2ZGS7TVFxsU/HIT",null,null,null,1,0],[1,0,0.20674900710582733,1.4210854397564648e-16],[3,-0.047068629413843155,0.05774993449449539,0.40242716670036316,0.9124153852462769],[1,2.2202581744394947,-1.3262967355740537e-11,0.006130409990594057]],[1,"mixamorig:RightShoulder",3,[-22],[0,"6eLAe/gNhPeohQroXPxF0V",null,null,null,1,0],[1,-0.07971300184726715,0.11918599903583527,0.0016319999704137444],[3,0.6619881391525269,-0.3392711579799652,0.5356343984603882,0.3997030556201935],[1,108.06880190491083,-91.39289334719403,-0.0009137802888679402]],[1,"mixamorig:RightArm",12,[-23],[0,"58CLH+vjpDEpkJ/q3HeETs",null,null,null,1,0],[1,0,0.16651900112628937,-1.4210854397564648e-16],[3,0.3693386912345886,0.11932128667831421,0.14086847007274628,0.910772979259491],[1,-20.917579842244812,-8.216295966227942e-9,-3.407885945014039]],[5,"mixamorig:RightForeArm",13,[[3,"mixamorig:RightHand",-24,[0,"4bUueE3ShDur2896lhn60+",null,null,null,1,0],[1,0,0.20087799429893494,0]]],[0,"99wkxV5AxJfbn6KYwWgETU",null,null,null,1,0],[1,1.776356799695581e-17,0.20672699809074402,1.4210854397564648e-16],[3,0.014556058682501316,0.029163070023059845,-0.362013578414917,0.9316028356552124],[1,2.178769019277915,3.5609128521945626e-9,2.0734835621692036]],[1,"mixamorig:LeftUpLeg",2,[-25],[0,"c1hGRjF8VM7KDMaZfaffwo",null,null,null,1,0],[1,0.1148810014128685,-0.05318199843168259,0.001976999919861555],[3,0.08714395761489868,0.2270626574754715,0.9599004983901978,-0.13942548632621765],[1,179.87400064928133,179.99266695828925,-3.3364396676079138]],[1,"mixamorig:LeftLeg",15,[-26],[0,"damIAQ2rRJraTerMTxYNQV",null,null,null,1,0],[1,0,0.3364819884300232,-8.881783998477905e-18],[3,-0.347246915102005,0.1264209747314453,-0.09581370651721954,0.9242602586746216],[1,0.20906043201832175,-8.556201549696104e-12,-0.2542238178742846]],[1,"mixamorig:LeftFoot",16,[-27],[0,"43vt2WWkBMKreNt0feruSd",null,null,null,1,0],[1,-1.776356799695581e-17,0.25854501128196716,-4.440891999238953e-18],[3,0.49415862560272217,-0.0153931500390172,0.0007896064780652523,0.869235098361969],[1,90.13314268037948,3.603798363492477,-4.9145346113482204e-8]],[5,"mixamorig:LeftToeBase",17,[[3,"mixamorig:LeftToe_End",-28,[0,"eaJImVIyFF4av7VYctSwyq",null,null,null,1,0],[1,0,0.07303199917078018,2.2204459996194763e-18]]],[0,"961IXz2ftMgLX1a91zJP8Y",null,null,null,1,0],[1,1.776356799695581e-17,0.15823499858379364,-1.776356799695581e-17],[3,0.37777435779571533,0.030209310352802277,-0.027318380773067474,0.9250014424324036],[1,0.36128951205353194,1.8353755137299429e-9,8.918276598448298]],[1,"mixamorig:RightUpLeg",2,[-29],[0,"c47aP43UVGLq4a9hXerGKu",null,null,null,1,0],[1,-0.1148810014128685,-0.05318199843168259,0.0008319999906234443],[3,-0.13083449006080627,-0.019965799525380135,0.9781736731529236,0.16018715500831604],[1,-179.74853346848195,179.9853650290226,3.3363915379034936]],[1,"mixamorig:RightLeg",19,[-30],[0,"6cHJiygDFIz4u8iayzW9Lu",null,null,null,1,0],[1,-1.776356799695581e-17,0.3364740014076233,0],[3,-0.33676958084106445,0.055114664137363434,0.026459703221917152,0.9396001696586609],[1,-0.43466355847968224,-3.160928477683804e-11,0.2541442516272317]],[1,"mixamorig:RightFoot",20,[-31],[0,"42X/vbRJ9PC5V8NTY5xTGK",null,null,null,1,0],[1,0,0.25852900743484497,0],[3,0.6366162300109863,0.06587076932191849,0.09673385322093964,0.7622489333152771],[1,90.40135382236969,-3.6642563383336144,-5.794110925696128e-8]],[5,"mixamorig:RightToeBase",21,[[3,"mixamorig:RightToe_End",-32,[0,"48ZGlNW0tIu4xQWGqnOHDC",null,null,null,1,0],[1,0,0.07311999797821045,0]]],[0,"1eImxto/ZE6ozmLsOdcKrj",null,null,null,1,0],[1,-1.776356799695581e-17,0.15720799565315247,0],[3,0.3739975690841675,-0.009777290746569633,0.002567591378465295,0.9273746013641357],[1,0.34178180499304306,-1.3098203415363447e-9,-8.776612333483836]],[19,true,1,[4,"21PYuBOoBPo4CiNKqcXIjt"],[3,4,5,6,7,8,9]]],0,[0,3,1,0,-1,23,0,4,23,0,2,1,0,2,1,0,2,1,0,-1,4,0,-2,2,0,-1,5,0,-2,15,0,-3,19,0,-1,7,0,-2,9,0,-3,12,0,2,4,0,-1,6,0,-1,8,0,1,8,0,-1,10,0,-1,11,0,1,11,0,-1,13,0,-1,14,0,1,14,0,-1,16,0,-1,17,0,-1,18,0,1,18,0,-1,20,0,-1,21,0,-1,22,0,1,22,0,5,1,3,1,6,32],[0,0,0,0,0,0,0,0,0,0,0,0,0,0,0,0,0,0,23],[-1,6,7,-1,-2,-3,-4,-5,-6,-7,-1,-2,-3,-4,-5,-6,-7,-8,8],[1,3,4,2,5,6,7,8,9,10,11,12,13,1,14,15,16,17,2]],[[[2,"red",[{"rasterizerState":{},"depthStencilState":{},"blendState":{"targets":[{}]}},{"rasterizerState":{},"depthStencilState":{},"blendState":{"targets":[{}]}},{"rasterizerState":{},"depthStencilState":{},"blendState":{"targets":[{}]}},{"rasterizerState":{},"depthStencilState":{},"blendState":{"targets":[{}]}},{"rasterizerState":{},"depthStencilState":{},"blendState":{"targets":[{}]}},{"rasterizerState":{},"depthStencilState":{},"blendState":{"targets":[{}]}},{"rasterizerState":{},"depthStencilState":{},"blendState":{"targets":[{}]}}],[{"USE_OUTLINE_PASS":true,"USE_INSTANCING":true},{"USE_INSTANCING":true},{},{},{},{},{}],[[{},[{},"mainColor",8,[4,4280958637],"shadeColor1",8,[4,4280365448],"shadeColor2",8,[4,4280035700],"specular",8,[4,16777215]],{},{},{},{},{}],0,11,0,0,0,0,0]]],0,0,[0],[0],[0]]]]
